{
 "cells": [
  {
   "cell_type": "markdown",
   "id": "f8d41991-3e59-4587-9904-a43131e20a7d",
   "metadata": {},
   "source": [
    "# TODOs"
   ]
  },
  {
   "cell_type": "code",
   "execution_count": 1,
   "id": "b41a07b0-8465-4a55-9dc2-ef3a92622f8b",
   "metadata": {},
   "outputs": [
    {
     "data": {
      "text/markdown": [
       "# Stuff to be done\n",
       "\n",
       "- [x] Evaluate possible ML models\n",
       "- [x] Add ML pipeline for GridSearch/RandomSearch with HyerOpt\n",
       "- [x] Initialize code2vec/code2seq as input parameters \n",
       "- [x] Package new metric generator in a docker image for easier execution\n",
       "- [ ] Update usage docs\n",
       "- [x] Evaluate RFC, TCC, LCC methods [(from here)](https://github.com/mauricioaniche/ck)\n",
       "- [x] Add shell scripts for running tools in docker container\n",
       "- [x] Use mean embeddings as feature in classification\n",
       "- [x] Evaluate current state\n",
       "- [x] ~~Consider adding code2seq instead of code2vec for generating numerical representation of source code semantics~~ Not suitable for this use case\n",
       "- [x] Adjust DataFrame to represent mean average vector for embeddings\n",
       "- [x] Consider applying PCA to reduce the dimensionality of embedding vector\n",
       "- [X] ~~Consider using the Mean Of a Embedding components as input~~\n",
       "- [ ] Test hyperopt with kfold\n",
       "- [ ] Determine final design pattern evaluation"
      ],
      "text/plain": [
       "<IPython.core.display.Markdown object>"
      ]
     },
     "metadata": {},
     "output_type": "display_data"
    }
   ],
   "source": [
    "from IPython.display import display, Markdown\n",
    "\n",
    "display(Markdown('TODO.md'))"
   ]
  },
  {
   "cell_type": "markdown",
   "id": "80cefb50",
   "metadata": {},
   "source": [
    "# Design Pattern Recognition with Software Metrics"
   ]
  },
  {
   "cell_type": "markdown",
   "id": "43dd595e-942a-4e01-994d-0c425619a9d8",
   "metadata": {},
   "source": [
    "## Library/Package Imports\n",
    "All required modules should be in the next cell to avoid scattered imports"
   ]
  },
  {
   "cell_type": "code",
   "execution_count": 2,
   "id": "3867f5a7",
   "metadata": {},
   "outputs": [],
   "source": [
    "# Ignore missing imports warnings in vs code\n",
    "import pandas as pd\n",
    "import plotly.express as px\n",
    "from plotly.subplots import make_subplots\n",
    "import plotly.graph_objects as go\n",
    "from typing import Callable\n",
    "import ipywidgets as widgets\n",
    "from IPython.display import display, HTML\n",
    "from typing import Optional, Dict, List\n",
    "import numpy as np\n",
    "from enum import Enum, auto\n",
    "from constants import ClassMetricVectorConstants, get_label_column, get_metric_columns"
   ]
  },
  {
   "cell_type": "code",
   "execution_count": 3,
   "id": "65910d76",
   "metadata": {},
   "outputs": [],
   "source": [
    "# Common utility functions\n",
    "def generate_subplot(df: pd.DataFrame, plot_func: Callable[[pd.DataFrame, str], go.Figure], subplot_width: int = 600, subplot_height: int = 2400) -> go.Figure:\n",
    "    metric_columns = get_metric_columns()\n",
    "    subplots = make_subplots(\n",
    "        len(metric_columns), subplot_titles=metric_columns)\n",
    "    for i, metric in enumerate(metric_columns):\n",
    "        figure = plot_func(df, metric)\n",
    "        subplots.add_trace(figure, row=i+1, col=1)\n",
    "    subplots['layout'].update(height=subplot_height, width=subplot_width)\n",
    "    return subplots\n",
    "\n",
    "\n",
    "def generate_selectable_graph_for_metrics(df: pd.DataFrame, initial_plot_func: Callable[[], go.Figure], update_func: Callable[[go.Figure, pd.DataFrame, str], None], y_label: Optional[str] = None):\n",
    "    metric_dropdown = widgets.Dropdown(options=get_metric_columns())\n",
    "    fig = go.FigureWidget(initial_plot_func())\n",
    "\n",
    "    def on_metric_changed(change):\n",
    "        metric = change['new']\n",
    "        with fig.batch_update():\n",
    "            figure = fig.data[0]\n",
    "            update_func(figure, df, metric)\n",
    "            figure['name'] = metric\n",
    "            label = y_label if y_label else ' '\n",
    "            fig.update_layout(title=metric, bargap=0.5,\n",
    "                              xaxis_title=metric, yaxis_title=label)\n",
    "\n",
    "    metric_dropdown.observe(on_metric_changed, names='value')\n",
    "    display(widgets.VBox([metric_dropdown, fig]))"
   ]
  },
  {
   "cell_type": "markdown",
   "id": "e2ef9395",
   "metadata": {
    "jp-MarkdownHeadingCollapsed": true
   },
   "source": [
    "## Generation of metrics\n",
    "\n",
    "If the metrics are not yet generated, the following steps are required:\n",
    "\n",
    "1. Make sure that `source_files.zip` is located in the current directory. The archive contains the actual zipped source code of the projects in [P-MArT](https://www.ptidej.net/tools/designpatterns/) and `pmart.xml` with descriptions of the micro architectures\n",
    "2. Create a new virtual Python environment with `python -m venv .` in the current directory if not yet done\n",
    "3. Activate the virtual environment ([refer here for the actual command to run](https://docs.python.org/3/library/venv.html#how-venvs-work))\n",
    "4. Execute `python3 preprocess_source_files.py` to extract the source files from `source_files.zip` and move the source files described in `pmart.xml` into `dataset` directory. For more information run `python3 preprocess_source_files.py -h`.\n",
    "    - Source files are structured as `<dataset_dir>/<design_pattern/micro_architecture_<id>`\n",
    "    - Each micro architecture directory contains the following files:\n",
    "        - `roles.csv`: Roles, entity names and role kind as described in `pmart.xml`\n",
    "        - `projects.txt`: From which project the source files come from\n",
    "        - The source files to be evaluated\n",
    "5. \n",
    "    - **OLD**: Execute `python3 generate_source_file_metrics.py` to generate `metrics.csv`. For more information run `python3 generate_source_file_metrics.py`.\n",
    "    - **NEW**: Execute `docker build --file docker/sourcefileparser.dockerfile . -t sourcefilerparser:latest` in the `project` directory to build the tool and run `docker run -v ./:/home/app/volume  -e DATASET_PATH=./dataset -e OUTPUT_CSV=./m.csv sourcefilerparser:latest` for metric generation\n",
    "\n",
    "**NOTES**: \n",
    "- As the projects in this dataset are old and not all projects listed in P-MaRT are not accessible, some source files and their entries in `metrics` may be missing.\n",
    "- The tool for generating the metrics was originally written with a Java Parser implemented Python only. This lead to parsing issues in some source files. As a result, the tool was rewritten as a Java project with a native parser. The original Python script is included for completeness."
   ]
  },
  {
   "cell_type": "markdown",
   "id": "d33566ec",
   "metadata": {
    "jp-MarkdownHeadingCollapsed": true
   },
   "source": [
    "## Overview about `metrics.csv`\n",
    "\n",
    "In order to detect applied Gang Of Four design patterns in source code with machine learning strategies, we first need to transform the source file into a numerical representation that can be understood by a machine learning model.\n",
    "This approach aims to solve this by generating numerical characteristics for each source file in the context of the regarded micro architecture. As there are several methods to define what metrics to include in the evaluation, the metrics as described [in this paper](../sources/JSEA-DP-2014.pdf):\n",
    "\n",
    "- NOF: Number of fields\n",
    "- NSF: Number of static fields\n",
    "- NOM: Number of methods\n",
    "- NSM: Number of static methods\n",
    "- NOAM: Number of abstract methods\n",
    "- NORM: Number of overridden methods\n",
    "- NOPC: Number of private constrcutors\n",
    "- NOOF: Number of object fields\n",
    "- NCOF: Number of other classes with field of own type\n",
    "\n",
    "\n",
    "In addition to these metrics, the following Chidamber & Kemerer object-oriented metrics were added to quantify the relation, coupling and cohesion between participants in a design pattern:\n",
    "\n",
    "- FAN_IN: Number of input dependencies\n",
    "- FAN_OUT: Number of output dependencies\n",
    "- CBO: Coupling between objects\n",
    "- NOC: Number of inheriting children\n",
    "- RFC: Response for a class (number of unique method invocations in a class)\n",
    "- TCC: Tight class cohesion (via direct connections between visible methods, two methods or their invocation trees access the same class variable)\n",
    "- LCC: Low class cohesion"
   ]
  },
  {
   "cell_type": "markdown",
   "id": "e8ab6a56-c832-4e2d-93d5-ad5ea97e5bf8",
   "metadata": {},
   "source": [
    "## Outlier Detection and Removal\n",
    "\n",
    "As the dataset may contain a varied implementation of datasets, outlier detection and removal may be required to reduce the noise in the dataset. `sklearn` provides the some automatic and unsupervised approaches out of the box. The following are considered\n",
    "\n",
    "**NOTE**: This list is subject to change\n",
    "\n",
    "* Isolation Forest\n",
    "* Local Outlier Factor"
   ]
  },
  {
   "cell_type": "code",
   "execution_count": 8,
   "id": "c70a743b-1abd-41fc-8d74-837e10a5e6d2",
   "metadata": {},
   "outputs": [],
   "source": [
    "# Required imports for this section\n",
    "from sklearn.ensemble import IsolationForest\n",
    "from sklearn.neighbors import LocalOutlierFactor"
   ]
  },
  {
   "cell_type": "markdown",
   "id": "9a025d56",
   "metadata": {},
   "source": [
    "### Isolation Forest"
   ]
  },
  {
   "cell_type": "code",
   "execution_count": 9,
   "id": "c1daa46b-d8c0-4008-95ac-97820f595da2",
   "metadata": {},
   "outputs": [],
   "source": [
    "def apply_isolation_forest(df: pd.DataFrame):\n",
    "    df_filtered = df.copy()\n",
    "    isolation_forest = IsolationForest(contamination=0.1)\n",
    "    df_filtered['outlier'] = isolation_forest.fit_predict(\n",
    "        df_filtered[get_metric_columns()])\n",
    "    df_filtered = df_filtered[df_filtered['outlier'] == 1]\n",
    "    return df_filtered.drop(columns=['outlier'])"
   ]
  },
  {
   "cell_type": "markdown",
   "id": "27d4fcca",
   "metadata": {},
   "source": [
    "### Local Outlier Factor"
   ]
  },
  {
   "cell_type": "code",
   "execution_count": 10,
   "id": "34133435-52f9-42a7-824f-9fe1aaf96183",
   "metadata": {},
   "outputs": [],
   "source": [
    "def apply_local_outlier_factor(df: pd.DataFrame) -> pd.DataFrame:\n",
    "    threshold = 0\n",
    "\n",
    "    df_copy = df.copy()\n",
    "    lof = LocalOutlierFactor(contamination=0.5)\n",
    "    df_copy['outlier_score'] = lof.fit_predict(df_copy[get_metric_columns()])\n",
    "    df_copy = df_copy[df_copy['outlier_score'] > threshold]\n",
    "    return df_copy.drop(columns=('outlier_score'))"
   ]
  },
  {
   "cell_type": "markdown",
   "id": "21f390ae",
   "metadata": {},
   "source": [
    "## Explorative Data Analysis of the Dataset"
   ]
  },
  {
   "cell_type": "code",
   "execution_count": 34,
   "id": "65c7b79a",
   "metadata": {},
   "outputs": [
    {
     "name": "stdout",
     "output_type": "stream",
     "text": [
      "1060 rows were imported\n"
     ]
    }
   ],
   "source": [
    "df = pd.read_csv('./metrics.csv')\n",
    "df = df.dropna()\n",
    "#df = apply_isolation_forest(df)\n",
    "print(f'{df.shape[0]} rows were imported')"
   ]
  },
  {
   "cell_type": "code",
   "execution_count": 16,
   "id": "a4d63a37-a043-43ba-aca0-693e0e6ccabd",
   "metadata": {},
   "outputs": [],
   "source": [
    "df[ClassMetricVectorConstants.ROLE] = df[ClassMetricVectorConstants.ROLE].str.lower().str.strip()\n",
    "df[ClassMetricVectorConstants.ROLE_KIND] = df[ClassMetricVectorConstants.ROLE_KIND].str.lower().str.strip()"
   ]
  },
  {
   "cell_type": "code",
   "execution_count": null,
   "id": "0e9d1680",
   "metadata": {},
   "outputs": [],
   "source": [
    "# Check if columns in dataframe have expected types\n",
    "df.dtypes"
   ]
  },
  {
   "cell_type": "markdown",
   "id": "5f534e36",
   "metadata": {},
   "source": [
    "### Filter Dataframe entries by micro architecture"
   ]
  },
  {
   "cell_type": "code",
   "execution_count": 9,
   "id": "b24e61d1",
   "metadata": {},
   "outputs": [
    {
     "data": {
      "application/vnd.jupyter.widget-view+json": {
       "model_id": "00186fb69c6e49a19bcfa72c1587d0ce",
       "version_major": 2,
       "version_minor": 0
      },
      "text/plain": [
       "interactive(children=(Dropdown(description='micro_arch', options=('micro_arch_35', 'micro_arch_37', 'micro_arc…"
      ]
     },
     "execution_count": 9,
     "metadata": {},
     "output_type": "execute_result"
    }
   ],
   "source": [
    "micro_arches = df[ClassMetricVectorConstants.MICRO_ARCHITECTURE].unique().tolist()\n",
    "\n",
    "def view(micro_arch=''):\n",
    "    cols = [ClassMetricVectorConstants.ROLE_KIND, ClassMetricVectorConstants.ENTITY] + get_metric_columns()\n",
    "    display(df[df[ClassMetricVectorConstants.MICRO_ARCHITECTURE] == micro_arch]\n",
    "            [cols], clear=True)\n",
    "\n",
    "\n",
    "w = widgets.Dropdown(options=micro_arches)\n",
    "widgets.interactive(view, micro_arch=w)"
   ]
  },
  {
   "cell_type": "markdown",
   "id": "0616d25e-d4f0-4d42-91a2-6e33586a80e7",
   "metadata": {},
   "source": [
    "### Corelation Between Columns\n",
    "For each column we caclulate pairwaise the coefficient of corelation with other columns. The value of the coefficient can be interpreteted as:\n",
    "\n",
    "- between -1.0 and 0: Negative correlation; a increase in one column expects a decrease in the other; the lower the bigger the impact\n",
    "- equals 0: No correlation\n",
    "- between 0 and 1: Postive correlation; a increase in one column causes an increase the other; the higher the bigger the impact"
   ]
  },
  {
   "cell_type": "code",
   "execution_count": 35,
   "id": "bab51ef0-64b7-4858-ae32-20a1be678bc5",
   "metadata": {},
   "outputs": [
    {
     "data": {
      "application/vnd.plotly.v1+json": {
       "config": {
        "plotlyServerURL": "https://plot.ly"
       },
       "data": [
        {
         "text": [
          [
           1,
           -0.015858703208554852,
           0.06992045996738347,
           -0.0029590862159511095,
           -0.016192606120280527,
           -0.02065274725323738,
           -0.00510161839947092,
           -0.02135530710985734,
           -0.04609281438495535,
           0.07859685751602129,
           -0.022264723404799906,
           0.013572723779786662
          ],
          [
           -0.015858703208554852,
           1,
           0.3910496101409615,
           0.9456549820126725,
           0.08735411488356822,
           0.7986100943856591,
           0.6969865126348567,
           0.3089989434946196,
           0.28438442502531747,
           0.3776421492063168,
           0.5577734564223638,
           0.27750995724068067
          ],
          [
           0.06992045996738347,
           0.3910496101409615,
           1,
           0.2978591629906579,
           0.011129377930496493,
           0.41927347361626216,
           0.1643686635639997,
           0.6675825732616902,
           0.09566832071942523,
           0.2817286116765979,
           0.8302140811420047,
           0.876524081258681
          ],
          [
           -0.0029590862159511095,
           0.9456549820126725,
           0.2978591629906579,
           1,
           0.08523198664602254,
           0.7779961039513025,
           0.6307883811560652,
           0.2635011476554487,
           0.27230070966912684,
           0.2735611716601352,
           0.4826016501509574,
           0.20736509551750046
          ],
          [
           -0.016192606120280527,
           0.08735411488356822,
           0.011129377930496493,
           0.08523198664602254,
           1,
           0.006745328611766845,
           0.12232551023991708,
           -0.014211327578744447,
           -0.04473752369560048,
           0.1124693806705998,
           0.009158790960792581,
           -0.00539850578141166
          ],
          [
           -0.02065274725323738,
           0.7986100943856591,
           0.41927347361626216,
           0.7779961039513025,
           0.006745328611766845,
           1,
           0.18612111138530635,
           0.2966271880300338,
           0.3217782270447085,
           0.3670307311188717,
           0.606666874968369,
           0.2677564233419325
          ],
          [
           -0.00510161839947092,
           0.6969865126348567,
           0.1643686635639997,
           0.6307883811560652,
           0.12232551023991708,
           0.18612111138530635,
           1,
           0.14632765414981538,
           0.06679809827572339,
           0.21185676365396386,
           0.20145177674601145,
           0.1196472242180499
          ],
          [
           -0.02135530710985734,
           0.3089989434946196,
           0.6675825732616902,
           0.2635011476554487,
           -0.014211327578744447,
           0.2966271880300338,
           0.14632765414981538,
           1,
           0.2308861180900302,
           0.28231408323790863,
           0.587575647595969,
           0.45502129089096066
          ],
          [
           -0.04609281438495535,
           0.28438442502531747,
           0.09566832071942523,
           0.27230070966912684,
           -0.04473752369560048,
           0.3217782270447085,
           0.06679809827572339,
           0.2308861180900302,
           1,
           0.3732815801740969,
           0.24597785821508342,
           0.05091588132541364
          ],
          [
           0.07859685751602129,
           0.3776421492063168,
           0.2817286116765979,
           0.2735611716601352,
           0.1124693806705998,
           0.3670307311188717,
           0.21185676365396386,
           0.28231408323790863,
           0.3732815801740969,
           1,
           0.40857193264485697,
           0.17809273484808014
          ],
          [
           -0.022264723404799906,
           0.5577734564223638,
           0.8302140811420047,
           0.4826016501509574,
           0.009158790960792581,
           0.606666874968369,
           0.20145177674601145,
           0.587575647595969,
           0.24597785821508342,
           0.40857193264485697,
           1,
           0.7964381557179778
          ],
          [
           0.013572723779786662,
           0.27750995724068067,
           0.876524081258681,
           0.20736509551750046,
           -0.00539850578141166,
           0.2677564233419325,
           0.1196472242180499,
           0.45502129089096066,
           0.05091588132541364,
           0.17809273484808014,
           0.7964381557179778,
           1
          ]
         ],
         "texttemplate": "%{text:.2f}",
         "type": "heatmap",
         "x": [
          "COUNT_OF_ABSTRACT_METHODS",
          "COUNT_OF_FIELDS",
          "COUNT_OF_METHODS",
          "COUNT_OF_OBJECT_FIELDS",
          "COUNT_OF_PRIVATE_CONSTRUCTORS",
          "COUNT_OF_PRIVATE_FIELDS",
          "COUNT_OF_STATIC_FIELDS",
          "COUPLING_BETWEEN_OBJECTS",
          "DEPTH_OF_INHERITANCE",
          "LACK_OF_COHESION_OF_METHODS",
          "RESPONSE_FOR_A_CLASS",
          "WEIGHTED_METHOD_CLASS"
         ],
         "y": [
          "COUNT_OF_ABSTRACT_METHODS",
          "COUNT_OF_FIELDS",
          "COUNT_OF_METHODS",
          "COUNT_OF_OBJECT_FIELDS",
          "COUNT_OF_PRIVATE_CONSTRUCTORS",
          "COUNT_OF_PRIVATE_FIELDS",
          "COUNT_OF_STATIC_FIELDS",
          "COUPLING_BETWEEN_OBJECTS",
          "DEPTH_OF_INHERITANCE",
          "LACK_OF_COHESION_OF_METHODS",
          "RESPONSE_FOR_A_CLASS",
          "WEIGHTED_METHOD_CLASS"
         ],
         "z": [
          [
           1,
           -0.015858703208554852,
           0.06992045996738347,
           -0.0029590862159511095,
           -0.016192606120280527,
           -0.02065274725323738,
           -0.00510161839947092,
           -0.02135530710985734,
           -0.04609281438495535,
           0.07859685751602129,
           -0.022264723404799906,
           0.013572723779786662
          ],
          [
           -0.015858703208554852,
           1,
           0.3910496101409615,
           0.9456549820126725,
           0.08735411488356822,
           0.7986100943856591,
           0.6969865126348567,
           0.3089989434946196,
           0.28438442502531747,
           0.3776421492063168,
           0.5577734564223638,
           0.27750995724068067
          ],
          [
           0.06992045996738347,
           0.3910496101409615,
           1,
           0.2978591629906579,
           0.011129377930496493,
           0.41927347361626216,
           0.1643686635639997,
           0.6675825732616902,
           0.09566832071942523,
           0.2817286116765979,
           0.8302140811420047,
           0.876524081258681
          ],
          [
           -0.0029590862159511095,
           0.9456549820126725,
           0.2978591629906579,
           1,
           0.08523198664602254,
           0.7779961039513025,
           0.6307883811560652,
           0.2635011476554487,
           0.27230070966912684,
           0.2735611716601352,
           0.4826016501509574,
           0.20736509551750046
          ],
          [
           -0.016192606120280527,
           0.08735411488356822,
           0.011129377930496493,
           0.08523198664602254,
           1,
           0.006745328611766845,
           0.12232551023991708,
           -0.014211327578744447,
           -0.04473752369560048,
           0.1124693806705998,
           0.009158790960792581,
           -0.00539850578141166
          ],
          [
           -0.02065274725323738,
           0.7986100943856591,
           0.41927347361626216,
           0.7779961039513025,
           0.006745328611766845,
           1,
           0.18612111138530635,
           0.2966271880300338,
           0.3217782270447085,
           0.3670307311188717,
           0.606666874968369,
           0.2677564233419325
          ],
          [
           -0.00510161839947092,
           0.6969865126348567,
           0.1643686635639997,
           0.6307883811560652,
           0.12232551023991708,
           0.18612111138530635,
           1,
           0.14632765414981538,
           0.06679809827572339,
           0.21185676365396386,
           0.20145177674601145,
           0.1196472242180499
          ],
          [
           -0.02135530710985734,
           0.3089989434946196,
           0.6675825732616902,
           0.2635011476554487,
           -0.014211327578744447,
           0.2966271880300338,
           0.14632765414981538,
           1,
           0.2308861180900302,
           0.28231408323790863,
           0.587575647595969,
           0.45502129089096066
          ],
          [
           -0.04609281438495535,
           0.28438442502531747,
           0.09566832071942523,
           0.27230070966912684,
           -0.04473752369560048,
           0.3217782270447085,
           0.06679809827572339,
           0.2308861180900302,
           1,
           0.3732815801740969,
           0.24597785821508342,
           0.05091588132541364
          ],
          [
           0.07859685751602129,
           0.3776421492063168,
           0.2817286116765979,
           0.2735611716601352,
           0.1124693806705998,
           0.3670307311188717,
           0.21185676365396386,
           0.28231408323790863,
           0.3732815801740969,
           1,
           0.40857193264485697,
           0.17809273484808014
          ],
          [
           -0.022264723404799906,
           0.5577734564223638,
           0.8302140811420047,
           0.4826016501509574,
           0.009158790960792581,
           0.606666874968369,
           0.20145177674601145,
           0.587575647595969,
           0.24597785821508342,
           0.40857193264485697,
           1,
           0.7964381557179778
          ],
          [
           0.013572723779786662,
           0.27750995724068067,
           0.876524081258681,
           0.20736509551750046,
           -0.00539850578141166,
           0.2677564233419325,
           0.1196472242180499,
           0.45502129089096066,
           0.05091588132541364,
           0.17809273484808014,
           0.7964381557179778,
           1
          ]
         ]
        }
       ],
       "layout": {
        "template": {
         "data": {
          "bar": [
           {
            "error_x": {
             "color": "#2a3f5f"
            },
            "error_y": {
             "color": "#2a3f5f"
            },
            "marker": {
             "line": {
              "color": "#E5ECF6",
              "width": 0.5
             },
             "pattern": {
              "fillmode": "overlay",
              "size": 10,
              "solidity": 0.2
             }
            },
            "type": "bar"
           }
          ],
          "barpolar": [
           {
            "marker": {
             "line": {
              "color": "#E5ECF6",
              "width": 0.5
             },
             "pattern": {
              "fillmode": "overlay",
              "size": 10,
              "solidity": 0.2
             }
            },
            "type": "barpolar"
           }
          ],
          "carpet": [
           {
            "aaxis": {
             "endlinecolor": "#2a3f5f",
             "gridcolor": "white",
             "linecolor": "white",
             "minorgridcolor": "white",
             "startlinecolor": "#2a3f5f"
            },
            "baxis": {
             "endlinecolor": "#2a3f5f",
             "gridcolor": "white",
             "linecolor": "white",
             "minorgridcolor": "white",
             "startlinecolor": "#2a3f5f"
            },
            "type": "carpet"
           }
          ],
          "choropleth": [
           {
            "colorbar": {
             "outlinewidth": 0,
             "ticks": ""
            },
            "type": "choropleth"
           }
          ],
          "contour": [
           {
            "colorbar": {
             "outlinewidth": 0,
             "ticks": ""
            },
            "colorscale": [
             [
              0,
              "#0d0887"
             ],
             [
              0.1111111111111111,
              "#46039f"
             ],
             [
              0.2222222222222222,
              "#7201a8"
             ],
             [
              0.3333333333333333,
              "#9c179e"
             ],
             [
              0.4444444444444444,
              "#bd3786"
             ],
             [
              0.5555555555555556,
              "#d8576b"
             ],
             [
              0.6666666666666666,
              "#ed7953"
             ],
             [
              0.7777777777777778,
              "#fb9f3a"
             ],
             [
              0.8888888888888888,
              "#fdca26"
             ],
             [
              1,
              "#f0f921"
             ]
            ],
            "type": "contour"
           }
          ],
          "contourcarpet": [
           {
            "colorbar": {
             "outlinewidth": 0,
             "ticks": ""
            },
            "type": "contourcarpet"
           }
          ],
          "heatmap": [
           {
            "colorbar": {
             "outlinewidth": 0,
             "ticks": ""
            },
            "colorscale": [
             [
              0,
              "#0d0887"
             ],
             [
              0.1111111111111111,
              "#46039f"
             ],
             [
              0.2222222222222222,
              "#7201a8"
             ],
             [
              0.3333333333333333,
              "#9c179e"
             ],
             [
              0.4444444444444444,
              "#bd3786"
             ],
             [
              0.5555555555555556,
              "#d8576b"
             ],
             [
              0.6666666666666666,
              "#ed7953"
             ],
             [
              0.7777777777777778,
              "#fb9f3a"
             ],
             [
              0.8888888888888888,
              "#fdca26"
             ],
             [
              1,
              "#f0f921"
             ]
            ],
            "type": "heatmap"
           }
          ],
          "heatmapgl": [
           {
            "colorbar": {
             "outlinewidth": 0,
             "ticks": ""
            },
            "colorscale": [
             [
              0,
              "#0d0887"
             ],
             [
              0.1111111111111111,
              "#46039f"
             ],
             [
              0.2222222222222222,
              "#7201a8"
             ],
             [
              0.3333333333333333,
              "#9c179e"
             ],
             [
              0.4444444444444444,
              "#bd3786"
             ],
             [
              0.5555555555555556,
              "#d8576b"
             ],
             [
              0.6666666666666666,
              "#ed7953"
             ],
             [
              0.7777777777777778,
              "#fb9f3a"
             ],
             [
              0.8888888888888888,
              "#fdca26"
             ],
             [
              1,
              "#f0f921"
             ]
            ],
            "type": "heatmapgl"
           }
          ],
          "histogram": [
           {
            "marker": {
             "pattern": {
              "fillmode": "overlay",
              "size": 10,
              "solidity": 0.2
             }
            },
            "type": "histogram"
           }
          ],
          "histogram2d": [
           {
            "colorbar": {
             "outlinewidth": 0,
             "ticks": ""
            },
            "colorscale": [
             [
              0,
              "#0d0887"
             ],
             [
              0.1111111111111111,
              "#46039f"
             ],
             [
              0.2222222222222222,
              "#7201a8"
             ],
             [
              0.3333333333333333,
              "#9c179e"
             ],
             [
              0.4444444444444444,
              "#bd3786"
             ],
             [
              0.5555555555555556,
              "#d8576b"
             ],
             [
              0.6666666666666666,
              "#ed7953"
             ],
             [
              0.7777777777777778,
              "#fb9f3a"
             ],
             [
              0.8888888888888888,
              "#fdca26"
             ],
             [
              1,
              "#f0f921"
             ]
            ],
            "type": "histogram2d"
           }
          ],
          "histogram2dcontour": [
           {
            "colorbar": {
             "outlinewidth": 0,
             "ticks": ""
            },
            "colorscale": [
             [
              0,
              "#0d0887"
             ],
             [
              0.1111111111111111,
              "#46039f"
             ],
             [
              0.2222222222222222,
              "#7201a8"
             ],
             [
              0.3333333333333333,
              "#9c179e"
             ],
             [
              0.4444444444444444,
              "#bd3786"
             ],
             [
              0.5555555555555556,
              "#d8576b"
             ],
             [
              0.6666666666666666,
              "#ed7953"
             ],
             [
              0.7777777777777778,
              "#fb9f3a"
             ],
             [
              0.8888888888888888,
              "#fdca26"
             ],
             [
              1,
              "#f0f921"
             ]
            ],
            "type": "histogram2dcontour"
           }
          ],
          "mesh3d": [
           {
            "colorbar": {
             "outlinewidth": 0,
             "ticks": ""
            },
            "type": "mesh3d"
           }
          ],
          "parcoords": [
           {
            "line": {
             "colorbar": {
              "outlinewidth": 0,
              "ticks": ""
             }
            },
            "type": "parcoords"
           }
          ],
          "pie": [
           {
            "automargin": true,
            "type": "pie"
           }
          ],
          "scatter": [
           {
            "fillpattern": {
             "fillmode": "overlay",
             "size": 10,
             "solidity": 0.2
            },
            "type": "scatter"
           }
          ],
          "scatter3d": [
           {
            "line": {
             "colorbar": {
              "outlinewidth": 0,
              "ticks": ""
             }
            },
            "marker": {
             "colorbar": {
              "outlinewidth": 0,
              "ticks": ""
             }
            },
            "type": "scatter3d"
           }
          ],
          "scattercarpet": [
           {
            "marker": {
             "colorbar": {
              "outlinewidth": 0,
              "ticks": ""
             }
            },
            "type": "scattercarpet"
           }
          ],
          "scattergeo": [
           {
            "marker": {
             "colorbar": {
              "outlinewidth": 0,
              "ticks": ""
             }
            },
            "type": "scattergeo"
           }
          ],
          "scattergl": [
           {
            "marker": {
             "colorbar": {
              "outlinewidth": 0,
              "ticks": ""
             }
            },
            "type": "scattergl"
           }
          ],
          "scattermapbox": [
           {
            "marker": {
             "colorbar": {
              "outlinewidth": 0,
              "ticks": ""
             }
            },
            "type": "scattermapbox"
           }
          ],
          "scatterpolar": [
           {
            "marker": {
             "colorbar": {
              "outlinewidth": 0,
              "ticks": ""
             }
            },
            "type": "scatterpolar"
           }
          ],
          "scatterpolargl": [
           {
            "marker": {
             "colorbar": {
              "outlinewidth": 0,
              "ticks": ""
             }
            },
            "type": "scatterpolargl"
           }
          ],
          "scatterternary": [
           {
            "marker": {
             "colorbar": {
              "outlinewidth": 0,
              "ticks": ""
             }
            },
            "type": "scatterternary"
           }
          ],
          "surface": [
           {
            "colorbar": {
             "outlinewidth": 0,
             "ticks": ""
            },
            "colorscale": [
             [
              0,
              "#0d0887"
             ],
             [
              0.1111111111111111,
              "#46039f"
             ],
             [
              0.2222222222222222,
              "#7201a8"
             ],
             [
              0.3333333333333333,
              "#9c179e"
             ],
             [
              0.4444444444444444,
              "#bd3786"
             ],
             [
              0.5555555555555556,
              "#d8576b"
             ],
             [
              0.6666666666666666,
              "#ed7953"
             ],
             [
              0.7777777777777778,
              "#fb9f3a"
             ],
             [
              0.8888888888888888,
              "#fdca26"
             ],
             [
              1,
              "#f0f921"
             ]
            ],
            "type": "surface"
           }
          ],
          "table": [
           {
            "cells": {
             "fill": {
              "color": "#EBF0F8"
             },
             "line": {
              "color": "white"
             }
            },
            "header": {
             "fill": {
              "color": "#C8D4E3"
             },
             "line": {
              "color": "white"
             }
            },
            "type": "table"
           }
          ]
         },
         "layout": {
          "annotationdefaults": {
           "arrowcolor": "#2a3f5f",
           "arrowhead": 0,
           "arrowwidth": 1
          },
          "autotypenumbers": "strict",
          "coloraxis": {
           "colorbar": {
            "outlinewidth": 0,
            "ticks": ""
           }
          },
          "colorscale": {
           "diverging": [
            [
             0,
             "#8e0152"
            ],
            [
             0.1,
             "#c51b7d"
            ],
            [
             0.2,
             "#de77ae"
            ],
            [
             0.3,
             "#f1b6da"
            ],
            [
             0.4,
             "#fde0ef"
            ],
            [
             0.5,
             "#f7f7f7"
            ],
            [
             0.6,
             "#e6f5d0"
            ],
            [
             0.7,
             "#b8e186"
            ],
            [
             0.8,
             "#7fbc41"
            ],
            [
             0.9,
             "#4d9221"
            ],
            [
             1,
             "#276419"
            ]
           ],
           "sequential": [
            [
             0,
             "#0d0887"
            ],
            [
             0.1111111111111111,
             "#46039f"
            ],
            [
             0.2222222222222222,
             "#7201a8"
            ],
            [
             0.3333333333333333,
             "#9c179e"
            ],
            [
             0.4444444444444444,
             "#bd3786"
            ],
            [
             0.5555555555555556,
             "#d8576b"
            ],
            [
             0.6666666666666666,
             "#ed7953"
            ],
            [
             0.7777777777777778,
             "#fb9f3a"
            ],
            [
             0.8888888888888888,
             "#fdca26"
            ],
            [
             1,
             "#f0f921"
            ]
           ],
           "sequentialminus": [
            [
             0,
             "#0d0887"
            ],
            [
             0.1111111111111111,
             "#46039f"
            ],
            [
             0.2222222222222222,
             "#7201a8"
            ],
            [
             0.3333333333333333,
             "#9c179e"
            ],
            [
             0.4444444444444444,
             "#bd3786"
            ],
            [
             0.5555555555555556,
             "#d8576b"
            ],
            [
             0.6666666666666666,
             "#ed7953"
            ],
            [
             0.7777777777777778,
             "#fb9f3a"
            ],
            [
             0.8888888888888888,
             "#fdca26"
            ],
            [
             1,
             "#f0f921"
            ]
           ]
          },
          "colorway": [
           "#636efa",
           "#EF553B",
           "#00cc96",
           "#ab63fa",
           "#FFA15A",
           "#19d3f3",
           "#FF6692",
           "#B6E880",
